2.4 2.4 2.4 2.2 2.1 1.5 2.3 2.3 2.5 2.0 1.9 1.7 2.2 1.8 3.2 3.2 2.7 2.2 2.2
1.9 1.9 1.8 2.7 3.0 2.3 2.0 2.0 2.9 2.9 2.7 2.7 2.3 2.6 2.4 1.8 1.7 1.5 1.4
2.1 3.3 3.5 3.5 3.1 2.6 2.1 3.4 3.0 2.9

3035 2552 2704 2554 2014 1655 1721 1524 1596 2074 2199 2512
2933 2889 2938 2497 1870 1726 1607 1545 1396 1787 2076 2837
2787 3891 3179 2011 1636 1580 1489 1300 1356 1653 2013 2823
3102 2294 2385 2444 1748 1554 1498 1361 1346 1564 1640 2293
2815 3137 2679 1969 1870 1633 1529 1366 1357 1570 1535 2491
3084 2605 2573 2143 1693 1504 1461 1354 1333 1492 1781 1915

9007  8106  8928  9137 10017 10826 11317 10744  9713  9938  9161  8927
7750  6981  8038  8422  8714  9512 10120  9823  8743  9129  8710  8680
8162  7306  8124  7870  9387  9556 10093  9620  8285  8466  8160  8034
7717  7461  7767  7925  8623  8945 10078  9179  8037  8488  7874  8647
7792  6957  7726  8106  8890  9299 10625  9302  8314  8850  8265  8796
7836  6892  7791  8192  9115  9434 10484  9827  9110  9070  8633  9240

2134 1863 1877 1877 1492 1249 1280 1131 1209 1492 1621 1846
2103 2137 2153 1833 1403 1288 1186 1133 1053 1347 1545 2066
2020 2750 2283 1479 1189 1160 1113  970  999 1208 1467 2059
2240 1634 1722 1801 1246 1162 1087 1013  959 1179 1229 1655
2019 2284 1942 1423 1340 1187 1098 1004  970 1140 1110 1812
2263 1820 1846 1531 1215 1075 1056  975  940 1081 1294 1341

 901  689  827  677  522  406  441  393  387  582  578  666
 830  752  785  664  467  438  421  412  343  440  531  771
 767 1141  896  532  447  420  376  330  357  445  546  764
 862  660  663  643  502  392  411  348  387  385  411  638
 796  853  737  546  530  446  431  362  387  430  425  679
 821  785  727  612  478  429  405  379  393  411  487  574

5.2 6.5 6.9 7.0 7.0 7.0 7.4 8.0 8.0 8.0 8.0 8.5 9.0 9.0 10.0
11.0 11.0 12.0 12.0 13.7 14.0 14.0 14.0 16.0 17.0 17.0 18.0
24.0 28.0 34.0 125.0

2.90 3.10 3.40 3.40 3.70 3.70 2.80 2.50 2.40 2.40 2.70 2.20
5.28 3.37 3.03 3.03 28.95 3.77 3.40 2.20 3.50 3.60 3.70 3.70

28 -44 29 30 24 28
37 32 36 27 26 28
29 26 27 22 23 20
25 25 36 23 31 32
24 27 33 16 24 29
36 21 28 26 27 27
32 25 28 24 40 21
31 32 28 26 30 27
26 24 32 29 34 -2
25 19 36 29 30 22
28 33 39 25 16 23

32.2 33.0 30.8 33.8 32.2 33.3 31.7 35.7 32.4
31.2 26.6 30.7 32.5 30.7 31.2 30.3 32.3 31.7

2.79 2.93 3.22 3.78 3.22 3.38 3.18 3.33 3.34 3.06
3.07 3.56 3.08 4.64 3.34

13.2 14.0
8.2 8.8
10.9 11.2
14.3 14.2
10.7 11.8
6.6 6.4
9.5 9.8
10.8 11.3
8.8 9.3
13.3 13.6
